    0.0      0.000      0.000      0.000      0.000      0.000      0.000 3/96000
   10.0     27.901     59.936     58.989      0.000     -5.509     -0.000 3/96000
   20.0     15.969     32.437     31.950      0.000     -2.832     -0.000 3/96000
   30.0      7.730     16.257     16.005      0.000     -1.466     -0.000 3/96000
   40.0      4.828     10.644     10.472      0.000     -1.000     -0.000 3/96000
   50.0      3.661      8.116      7.984      0.000     -0.766     -0.000 3/96000
   60.0      3.071      6.702      6.594      0.000     -0.624     -0.000 3/96000
   70.0      2.704      5.781      5.690      0.000     -0.529     -0.000 3/96000
   80.0      2.439      5.117      5.038      0.000     -0.461     -0.000 3/96000
   90.0      2.230      4.606      4.536      0.000     -0.409     -0.000 3/96000
  100.0      2.057      4.195      4.132      0.000     -0.368     -0.000 3/96000
  110.0      1.909      3.854      3.796      0.000     -0.334     -0.000 3/96000
  120.0      1.780      3.565      3.512      0.000     -0.307     -0.000 3/96000
  130.0      1.667      3.317      3.268      0.000     -0.284     -0.000 3/96000
  140.0      1.567      3.100      3.055      0.000     -0.264     -0.000 3/96000
  150.0      1.478      2.910      2.868      0.000     -0.246     -0.000 3/96000
  160.0      1.397      2.742      2.702      0.000     -0.231     -0.000 3/96000
  170.0      1.325      2.592      2.554      0.000     -0.218     -0.000 3/96000
  180.0      1.259      2.457      2.421      0.000     -0.206     -0.000 3/96000
  190.0      1.200      2.335      2.301      0.000     -0.195     -0.000 3/96000
  200.0      1.145      2.224      2.193      0.000     -0.186     -0.000 3/96000
  210.0      1.095      2.124      2.093      0.000     -0.177     -0.000 3/96000
  220.0      1.049      2.032      2.003      0.000     -0.169     -0.000 3/96000
  230.0      1.007      1.947      1.919      0.000     -0.162     -0.000 3/96000
  240.0      0.967      1.869      1.842      0.000     -0.155     -0.000 3/96000
  250.0      0.931      1.797      1.771      0.000     -0.149     -0.000 3/96000
  260.0      0.897      1.730      1.706      0.000     -0.143     -0.000 3/96000
  270.0      0.866      1.668      1.645      0.000     -0.138     -0.000 3/96000
  280.0      0.836      1.610      1.588      0.000     -0.133     -0.000 3/96000
  290.0      0.809      1.557      1.534      0.000     -0.129     -0.000 3/96000
  300.0      0.783      1.506      1.485      0.000     -0.124     -0.000 3/96000
  310.0      0.759      1.459      1.438      0.000     -0.120     -0.000 3/96000
  320.0      0.736      1.414      1.394      0.000     -0.117     -0.000 3/96000
  330.0      0.715      1.372      1.353      0.000     -0.113     -0.000 3/96000
  340.0      0.694      1.333      1.314      0.000     -0.110     -0.000 3/96000
  350.0      0.675      1.295      1.277      0.000     -0.107     -0.000 3/96000
  360.0      0.657      1.260      1.242      0.000     -0.104     -0.000 3/96000
  370.0      0.640      1.227      1.209      0.000     -0.101     -0.000 3/96000
  380.0      0.623      1.195      1.178      0.000     -0.098     -0.000 3/96000
  390.0      0.608      1.165      1.148      0.000     -0.096     -0.000 3/96000
  400.0      0.593      1.136      1.120      0.000     -0.093     -0.000 3/96000
  410.0      0.579      1.109      1.093      0.000     -0.091     -0.000 3/96000
  420.0      0.565      1.083      1.067      0.000     -0.089     -0.000 3/96000
  430.0      0.553      1.058      1.043      0.000     -0.087     -0.000 3/96000
  440.0      0.540      1.034      1.020      0.000     -0.085     -0.000 3/96000
  450.0      0.528      1.011      0.997      0.000     -0.083     -0.000 3/96000
  460.0      0.517      0.990      0.976      0.000     -0.081     -0.000 3/96000
  470.0      0.506      0.969      0.955      0.000     -0.080     -0.000 3/96000
  480.0      0.496      0.949      0.936      0.000     -0.078     -0.000 3/96000
  490.0      0.486      0.930      0.917      0.000     -0.076     -0.000 3/96000
  500.0      0.477      0.911      0.899      0.000     -0.075     -0.000 3/96000
  510.0      0.467      0.894      0.881      0.000     -0.073     -0.000 3/96000
  520.0      0.458      0.877      0.864      0.000     -0.072     -0.000 3/96000
  530.0      0.450      0.860      0.848      0.000     -0.071     -0.000 3/96000
  540.0      0.442      0.844      0.833      0.000     -0.069     -0.000 3/96000
  550.0      0.434      0.829      0.818      0.000     -0.068     -0.000 3/96000
  560.0      0.426      0.815      0.803      0.000     -0.067     -0.000 3/96000
  570.0      0.419      0.800      0.789      0.000     -0.066     -0.000 3/96000
  580.0      0.412      0.787      0.776      0.000     -0.064     -0.000 3/96000
  590.0      0.405      0.773      0.763      0.000     -0.063     -0.000 3/96000
  600.0      0.398      0.761      0.750      0.000     -0.062     -0.000 3/96000
  610.0      0.392      0.748      0.738      0.000     -0.061     -0.000 3/96000
  620.0      0.385      0.736      0.726      0.000     -0.060     -0.000 3/96000
  630.0      0.379      0.725      0.714      0.000     -0.059     -0.000 3/96000
  640.0      0.373      0.713      0.703      0.000     -0.058     -0.000 3/96000
  650.0      0.368      0.702      0.693      0.000     -0.058     -0.000 3/96000
  660.0      0.362      0.692      0.682      0.000     -0.057     -0.000 3/96000
  670.0      0.357      0.682      0.672      0.000     -0.056     -0.000 3/96000
  680.0      0.352      0.672      0.662      0.000     -0.055     -0.000 3/96000
  690.0      0.347      0.662      0.653      0.000     -0.054     -0.000 3/96000
  700.0      0.342      0.653      0.643      0.000     -0.053     -0.000 3/96000
  710.0      0.337      0.643      0.634      0.000     -0.053     -0.000 3/96000
  720.0      0.332      0.635      0.626      0.000     -0.052     -0.000 3/96000
  730.0      0.328      0.626      0.617      0.000     -0.051     -0.000 3/96000
  740.0      0.323      0.617      0.609      0.000     -0.051     -0.000 3/96000
  750.0      0.319      0.609      0.601      0.000     -0.050     -0.000 3/96000
  760.0      0.315      0.601      0.593      0.000     -0.049     -0.000 3/96000
  770.0      0.311      0.594      0.585      0.000     -0.049     -0.000 3/96000
  780.0      0.307      0.586      0.578      0.000     -0.048     -0.000 3/96000
  790.0      0.303      0.579      0.570      0.000     -0.047     -0.000 3/96000
  800.0      0.299      0.571      0.563      0.000     -0.047     -0.000 3/96000
  810.0      0.296      0.564      0.556      0.000     -0.046     -0.000 3/96000
  820.0      0.292      0.557      0.550      0.000     -0.046     -0.000 3/96000
  830.0      0.289      0.551      0.543      0.000     -0.045     -0.000 3/96000
  840.0      0.285      0.544      0.537      0.000     -0.045     -0.000 3/96000
  850.0      0.282      0.538      0.530      0.000     -0.044     -0.000 3/96000
  860.0      0.279      0.532      0.524      0.000     -0.044     -0.000 3/96000
  870.0      0.275      0.526      0.518      0.000     -0.043     -0.000 3/96000
  880.0      0.272      0.520      0.512      0.000     -0.043     -0.000 3/96000
  890.0      0.269      0.514      0.507      0.000     -0.042     -0.000 3/96000
  900.0      0.266      0.508      0.501      0.000     -0.042     -0.000 3/96000
  910.0      0.263      0.503      0.495      0.000     -0.041     -0.000 3/96000
  920.0      0.260      0.497      0.490      0.000     -0.041     -0.000 3/96000
  930.0      0.258      0.492      0.485      0.000     -0.040     -0.000 3/96000
  940.0      0.255      0.487      0.480      0.000     -0.040     -0.000 3/96000
  950.0      0.252      0.481      0.475      0.000     -0.039     -0.000 3/96000
  960.0      0.250      0.476      0.470      0.000     -0.039     -0.000 3/96000
  970.0      0.247      0.472      0.465      0.000     -0.039     -0.000 3/96000
  980.0      0.245      0.467      0.460      0.000     -0.038     -0.000 3/96000
  990.0      0.242      0.462      0.456      0.000     -0.038     -0.000 3/96000
 1000.0      0.240      0.457      0.451      0.000     -0.037     -0.000 3/96000

Thermal conductivity related properties were written into 
"kappa-m202020.hdf5".
Summary of calculation was written in "phono3py.yaml".
-------------------------[time 2024-10-11 12:07:29]-------------------------
                 _
   ___ _ __   __| |
  / _ \ '_ \ / _` |
 |  __/ | | | (_| |
  \___|_| |_|\__,_|

